      MU_R = 9.118800D+01
      MDL_VEN1 = 0.000000D+00
      MDL_VEN2 = 0.000000D+00
      MDL_VEN3 = 0.000000D+00
      MDL_VMUN1 = 1.000000D-02
      MDL_VMUN2 = 0.000000D+00
      MDL_VMUN3 = 0.000000D+00
      MDL_VTAN1 = 0.000000D+00
      MDL_VTAN2 = 0.000000D+00
      MDL_VTAN3 = 0.000000D+00
      AEWM1 = 1.279400D+02
      MDL_GF = 1.174560D-05
      AS = 1.184000D-01
      MDL_YMT = 1.733000D+02
      MDL_MZ = 9.118760D+01
      MDL_MT = 1.733000D+02
      MDL_MH = 1.257000D+02
      MDL_MN1 = 5.000000D+01
      MDL_MN2 = 5.000000D+02
      MDL_MN3 = 1.000000D+03
      MDL_WZ = 2.495200D+00
      MDL_WW = 2.085000D+00
      MDL_WT = 1.350000D+00
      MDL_WH = 4.170000D-03
      MDL_WN1 = 2.237257D-08
      MDL_WN2 = 1.500000D+00
      MDL_WN3 = 1.230000D+01
