      MU_R = 9.118800D+01
      MP__MU_R = 9.118800E+01_16
      MDL_VEN1 = 0.000000D+00
      MP__MDL_VEN1 = 0.000000E+00_16
      MDL_VEN2 = 0.000000D+00
      MP__MDL_VEN2 = 0.000000E+00_16
      MDL_VEN3 = 0.000000D+00
      MP__MDL_VEN3 = 0.000000E+00_16
      MDL_VMUN1 = 1.000000D-02
      MP__MDL_VMUN1 = 1.000000E-02_16
      MDL_VMUN2 = 0.000000D+00
      MP__MDL_VMUN2 = 0.000000E+00_16
      MDL_VMUN3 = 0.000000D+00
      MP__MDL_VMUN3 = 0.000000E+00_16
      MDL_VTAN1 = 0.000000D+00
      MP__MDL_VTAN1 = 0.000000E+00_16
      MDL_VTAN2 = 0.000000D+00
      MP__MDL_VTAN2 = 0.000000E+00_16
      MDL_VTAN3 = 0.000000D+00
      MP__MDL_VTAN3 = 0.000000E+00_16
      AEWM1 = 1.279400D+02
      MP__AEWM1 = 1.279400E+02_16
      MDL_GF = 1.174560D-05
      MP__MDL_GF = 1.174560E-05_16
      AS = 1.184000D-01
      MP__AS = 1.184000E-01_16
      MDL_YMT = 1.733000D+02
      MP__MDL_YMT = 1.733000E+02_16
      MDL_MZ = 9.118760D+01
      MP__MDL_MZ = 9.118760E+01_16
      MDL_MT = 1.733000D+02
      MP__MDL_MT = 1.733000E+02_16
      MDL_MH = 1.257000D+02
      MP__MDL_MH = 1.257000E+02_16
      MDL_MN1 = 5.000000D+01
      MP__MDL_MN1 = 5.000000E+01_16
      MDL_MN2 = 5.000000D+02
      MP__MDL_MN2 = 5.000000E+02_16
      MDL_MN3 = 1.000000D+03
      MP__MDL_MN3 = 1.000000E+03_16
      MDL_WZ = 2.495200D+00
      MP__MDL_WZ = 2.495200E+00_16
      MDL_WW = 2.085000D+00
      MP__MDL_WW = 2.085000E+00_16
      MDL_WT = 1.350000D+00
      MP__MDL_WT = 1.350000E+00_16
      MDL_WH = 4.170000D-03
      MP__MDL_WH = 4.170000E-03_16
      MDL_WN1 = 2.237257D-08
      MP__MDL_WN1 = 2.237257E-08_16
      MDL_WN2 = 1.500000D+00
      MP__MDL_WN2 = 1.500000E+00_16
      MDL_WN3 = 1.230000D+01
      MP__MDL_WN3 = 1.230000E+01_16
